40
25
1FoundersRock 2UniversityHouse 3FacultyClub 4HearstGreekTheatre 5HearstMemorial 6DoeLibrary 7SatherTower 8Esplanade 9SatherGate 10Bridge 11HearstGymnasium 12California 13Durant 14Wellman 15Hilgard 16Giannini 17Wheeler 18NorthGate 19SouthHall 20Ehrman 21Unit1 22Unit2 23Unit3 24Blackwell 25Foothill 26ClarkKerr 27InternationalHouse 28SodaHall 29VarsityBerkeley 30Stonefire 31Hillegass 32DeltaPhiEpsilon 33Wada 34Martinez 35ChanningBowdwitch 36CasaZimbabwe 37OtherCoop 38RajProperties 39SanFransisco 40Oaktown
16Giannini 17Wheeler 18NorthGate 19SouthHall 20Ehrman 21Unit1 22Unit2 23Unit3 24Blackwell 25Foothill 26ClarkKerr 27InternationalHouse 28SodaHall 29VarsityBerkeley 30Stonefire 31Hillegass 32DeltaPhiEpsilon 33Wada 34Martinez 35ChanningBowdwitch 36CasaZimbabwe 37OtherCoop 38RajProperties 39SanFransisco 40Oaktown
1FoundersRock
x 35790 35791 30570 35793 45794 30573 35796 35797 30576 45799 35800 30579 35802 35803 45804 35805 35806 30585 35808 45809 30588 35811 35812 30591 45814 35815 30594 35817 35818 45819 35820 35821 30600 35823 45824 30603 35826 80000001 90000000
35790 x 30570 45793 30572 35795 35796 30575 45798 35799 30578 35801 30580 45803 35804 35805 30584 30585 45808 30587 35810 35811 30590 45813 35814 30593 35816 30595 45818 35819 35820 30599 30600 45823 30602 35825 35826 30605 x x
35791 30570 x 48005 45795 45796 45797 48009 45799 45800 48012 45802 48014 48015 45805 48017 45807 45808 48020 45810 45811 45812 48024 45814 45815 48027 45817 48029 48030 45820 48032 45822 45823 48035 45825 45826 45827 48039 x x
30570 45793 48005 x 45796 48008 45798 48010 48011 45801 48013 45803 45804 48016 45806 45807 45808 48020 45810 45811 48023 45813 48025 48026 45816 48028 45818 45819 48031 45821 45822 45823 48035 45825 45826 48038 45828 48040 x x
35793 30572 45795 45796 x 48009 48010 45800 45801 48013 45803 48015 45805 45806 48018 48019 45809 45810 45811 45812 48024 48025 45815 45816 48028 45818 48030 45820 45821 48033 48034 45824 45825 45826 45827 48039 48040 45830 x x
45794 35795 45796 48008 48009 x 48011 48012 45802 48014 45804 45805 48017 48018 45808 45809 48021 45811 48023 48024 45814 48026 48027 45817 48029 45819 45820 48032 48033 45823 45824 48036 45826 48038 48039 45829 48041 48042 x x
30573 35796 45797 45798 48010 48011 x 45802 45803 45804 48016 48017 45807 45808 48020 45810 48022 45812 45813 48025 48026 45816 45817 45818 45819 48031 48032 45822 45823 48035 45825 48037 45827 45828 48040 48041 45831 45832 x x
35796 30575 48009 48010 45800 48012 45802 x 48015 45805 45806 45807 48019 45809 45810 48022 45812 48024 48025 45815 48027 45817 45818 48030 45820 45821 45822 48034 45824 45825 48037 45827 48039 48040 45830 48042 45832 45833 x x
35797 45798 45799 48011 45801 45802 45803 48015 x 45806 48018 45808 48020 48021 45811 48023 45813 45814 48026 45816 45817 45818 48030 45820 45821 48033 45823 48035 48036 45826 48038 45828 45829 48041 45831 45832 45833 48045 x x
30576 35799 45800 45801 48013 48014 45804 45805 45806 x 48019 48020 45810 45811 48023 45813 48025 45815 45816 48028 48029 45819 45820 45821 45822 48034 48035 45825 45826 48038 45828 48040 45830 45831 48043 48044 45834 45835 x x
45799 30578 48012 48013 45803 45804 48016 45806 48018 48019 x 48021 48022 45812 48024 45814 45815 48027 48028 45818 45819 48031 45821 48033 48034 45824 48036 48037 45827 48039 45829 45830 48042 48043 45833 45834 48046 45836 x x
35800 35801 45802 45803 48015 45805 48017 45807 45808 48020 48021 x 45812 45813 45814 48026 48027 45817 45818 48030 45820 48032 45822 45823 48035 48036 45826 45827 45828 45829 48041 48042 45832 45833 48045 45835 48047 45837 x x
30579 30580 48014 45804 45805 48017 45807 48019 48020 45810 48022 45812 x 48025 45815 45816 45817 48029 45819 45820 48032 45822 48034 48035 45825 48037 45827 45828 48040 45830 45831 45832 48044 45834 45835 48047 45837 48049 x x
35802 45803 48015 48016 45806 48018 45808 45809 48021 45811 45812 45813 48025 x 45816 48028 45818 48030 48031 45821 48033 45823 45824 48036 45826 45827 45828 48040 45830 45831 48043 45833 48045 48046 45836 48048 45838 45839 x x
35803 35804 45805 45806 48018 45808 48020 45810 45811 48023 48024 45814 45815 45816 x 48029 48030 45820 45821 48033 45823 48035 45825 45826 48038 48039 45829 45830 45831 45832 48044 48045 45835 45836 48048 45838 48050 45840 x x
45804 35805 48017 45807 48019 45809 45810 48022 48023 45813 45814 48026 45816 48028 48029 x 48031 48032 45822 48034 45824 45825 48037 48038 45828 45829 48041 45831 48043 48044 45834 48046 48047 45837 48049 45839 45840 48052 x x
35805 30584 45807 45808 45809 48021 48022 45812 45813 48025 45815 48027 45817 45818 48030 48031 x 45822 45823 45824 48036 48037 45827 45828 48040 45830 48042 45832 45833 48045 48046 45836 45837 45838 45839 48051 48052 45842 x x
35806 30585 45808 48020 45810 45811 45812 48024 45814 45815 48027 45817 48029 48030 45820 48032 45822 x 48035 45825 45826 45827 48039 45829 45830 48042 45832 48044 48045 45835 48047 45837 45838 48050 45840 45841 45842 48054 x x
30585 45808 48020 45810 45811 48023 45813 48025 48026 45816 48028 45818 45819 48031 45821 45822 45823 48035 x 45826 48038 45828 48040 48041 45831 48043 45833 45834 48046 45836 45837 45838 48050 45840 45841 48053 45843 48055 x x
35808 30587 45810 45811 45812 48024 48025 45815 45816 48028 45818 48030 45820 45821 48033 48034 45824 45825 45826 x 48039 48040 45830 45831 48043 45833 48045 45835 45836 48048 48049 45839 45840 45841 45842 48054 48055 45845 x x
45809 35810 45811 48023 48024 45814 48026 48027 45817 48029 45819 45820 48032 48033 45823 45824 48036 45826 48038 48039 x 48041 48042 45832 48044 45834 45835 48047 48048 45838 45839 48051 45841 48053 48054 45844 48056 48057 x x
30588 35811 45812 45813 48025 48026 45816 45817 45818 45819 48031 48032 45822 45823 48035 45825 48037 45827 45828 48040 48041 x 45832 45833 45834 48046 48047 45837 45838 48050 45840 48052 45842 45843 48055 48056 45846 45847 x x
35811 30590 48024 48025 45815 48027 45817 45818 48030 45820 45821 45822 48034 45824 45825 48037 45827 48039 48040 45830 48042 45832 x 48045 45835 45836 45837 48049 45839 45840 48052 45842 48054 48055 45845 48057 45847 45848 x x
35812 45813 45814 48026 45816 45817 45818 48030 45820 45821 48033 45823 48035 48036 45826 48038 45828 45829 48041 45831 45832 45833 48045 x 45836 48048 45838 48050 48051 45841 48053 45843 45844 48056 45846 45847 45848 48060 x x
30591 35814 45815 45816 48028 48029 45819 45820 45821 45822 48034 48035 45825 45826 48038 45828 48040 45830 45831 48043 48044 45834 45835 45836 x 48049 48050 45840 45841 48053 45843 48055 45845 45846 48058 48059 45849 45850 x x
45814 30593 48027 48028 45818 45819 48031 45821 48033 48034 45824 48036 48037 45827 48039 45829 45830 48042 48043 45833 45834 48046 45836 48048 48049 x 48051 48052 45842 48054 45844 45845 48057 48058 45848 45849 48061 45851 x x
35815 35816 45817 45818 48030 45820 48032 45822 45823 48035 48036 45826 45827 45828 45829 48041 48042 45832 45833 48045 45835 48047 45837 45838 48050 48051 x 45842 45843 45844 48056 48057 45847 45848 48060 45850 48062 45852 x x
30594 30595 48029 45819 45820 48032 45822 48034 48035 45825 48037 45827 45828 48040 45830 45831 45832 48044 45834 45835 48047 45837 48049 48050 45840 48052 45842 x 48055 45845 45846 45847 48059 45849 45850 48062 45852 48064 x x
35817 45818 48030 48031 45821 48033 45823 45824 48036 45826 45827 45828 48040 45830 45831 48043 45833 48045 48046 45836 48048 45838 45839 48051 45841 45842 45843 48055 x 45846 48058 45848 48060 48061 45851 48063 45853 45854 x x
35818 35819 45820 45821 48033 45823 48035 45825 45826 48038 48039 45829 45830 45831 45832 48044 48045 45835 45836 48048 45838 48050 45840 45841 48053 48054 45844 45845 45846 x 48059 48060 45850 45851 48063 45853 48065 45855 x x
45819 35820 48032 45822 48034 45824 45825 48037 48038 45828 45829 48041 45831 48043 48044 45834 48046 48047 45837 48049 45839 45840 48052 48053 45843 45844 48056 45846 48058 48059 x 48061 48062 45852 48064 45854 45855 48067 x x
35820 30599 45822 45823 45824 48036 48037 45827 45828 48040 45830 48042 45832 45833 48045 48046 45836 45837 45838 45839 48051 48052 45842 45843 48055 45845 48057 45847 45848 48060 48061 x 45852 45853 45854 48066 48067 45857 x x
35821 30600 45823 48035 45825 45826 45827 48039 45829 45830 48042 45832 48044 48045 45835 48047 45837 45838 48050 45840 45841 45842 48054 45844 45845 48057 45847 48059 48060 45850 48062 45852 x 48065 45855 45856 45857 48069 x x
30600 45823 48035 45825 45826 48038 45828 48040 48041 45831 48043 45833 45834 48046 45836 45837 45838 48050 45840 45841 48053 45843 48055 48056 45846 48058 45848 45849 48061 45851 45852 45853 48065 x 45856 48068 45858 48070 x x
35823 30602 45825 45826 45827 48039 48040 45830 45831 48043 45833 48045 45835 45836 48048 48049 45839 45840 45841 45842 48054 48055 45845 45846 48058 45848 48060 45850 45851 48063 48064 45854 45855 45856 x 48069 48070 45860 x x
45824 35825 45826 48038 48039 45829 48041 48042 45832 48044 45834 45835 48047 48048 45838 45839 48051 45841 48053 48054 45844 48056 48057 45847 48059 45849 45850 48062 48063 45853 45854 48066 45856 48068 48069 x 48071 48072 x x
30603 35826 45827 45828 48040 48041 45831 45832 45833 45834 48046 48047 45837 45838 48050 45840 48052 45842 45843 48055 48056 45846 45847 45848 45849 48061 48062 45852 45853 48065 45855 48067 45857 45858 48070 48071 x 45862 x x
35826 30605 48039 48040 45830 48042 45832 45833 48045 45835 45836 45837 48049 45839 45840 48052 45842 48054 48055 45845 48057 45847 45848 48060 45850 45851 45852 48064 45854 45855 48067 45857 48069 48070 45860 48072 45862 x x x
80000001 x x x x x x x x x x x x x x x x x x x x x x x x x x x x x x x x x x x x x x 10000000
90000000 x x x x x x x x x x x x x x x x x x x x x x x x x x x x x x x x x x x x x 10000000 x
